8.000000000000000167e-02
8.400000000000000522e-02
8.799999999999999489e-02
9.199999999999999845e-02
9.600000000000000200e-02
1.000000000000000056e-01
1.040000000000000091e-01
1.079999999999999988e-01
1.120000000000000023e-01
1.160000000000000059e-01
1.199999999999999956e-01
1.239999999999999991e-01
1.280000000000000027e-01
1.320000000000000062e-01
1.360000000000000098e-01
1.400000000000000133e-01
1.440000000000000169e-01
1.480000000000000204e-01
1.520000000000000240e-01
1.559999999999999998e-01
1.600000000000000033e-01
1.640000000000000069e-01
1.679999999999999827e-01
1.719999999999999862e-01
1.759999999999999898e-01
1.799999999999999933e-01
1.839999999999999969e-01
1.880000000000000004e-01
1.920000000000000040e-01
1.960000000000000075e-01
2.000000000000000111e-01
