1.000000000000000056e-01
1.050000000000000100e-01
1.100000000000000006e-01
1.150000000000000050e-01
1.199999999999999956e-01
1.250000000000000000e-01
1.300000000000000044e-01
1.350000000000000089e-01
1.400000000000000133e-01
1.449999999999999900e-01
1.499999999999999944e-01
1.549999999999999989e-01
1.600000000000000033e-01
1.649999999999999800e-01
1.699999999999999845e-01
1.749999999999999889e-01
1.799999999999999933e-01
1.849999999999999978e-01
1.900000000000000022e-01
1.950000000000000067e-01
1.999999999999999833e-01
2.049999999999999878e-01
2.099999999999999922e-01
2.149999999999999689e-01
2.199999999999999734e-01
2.249999999999999778e-01
2.299999999999999822e-01
2.349999999999999867e-01
2.399999999999999911e-01
2.449999999999999956e-01
2.499999999999999722e-01
2.550000000000000044e-01
2.600000000000000089e-01
2.650000000000000133e-01
2.700000000000000178e-01
2.749999999999999667e-01
2.799999999999999711e-01
2.849999999999999756e-01
2.899999999999999800e-01
2.949999999999999845e-01
2.999999999999999889e-01
