-3.800000000000000044e-01
-3.760000000000000009e-01
-3.719999999999999973e-01
-3.679999999999999938e-01
-3.639999999999999902e-01
-3.599999999999999867e-01
-3.559999999999999831e-01
-3.519999999999999796e-01
-3.479999999999999760e-01
-3.439999999999999725e-01
-3.400000000000000244e-01
-3.360000000000000209e-01
-3.320000000000000173e-01
-3.280000000000000138e-01
-3.240000000000000102e-01
-3.200000000000000067e-01
-3.160000000000000031e-01
-3.119999999999999996e-01
-3.079999999999999960e-01
-3.039999999999999925e-01
-2.999999999999999889e-01
-2.959999999999999853e-01
-2.920000000000000373e-01
-2.880000000000000338e-01
-2.840000000000000302e-01
-2.800000000000000266e-01
-2.760000000000000231e-01
-2.720000000000000195e-01
-2.680000000000000160e-01
-2.640000000000000124e-01
-2.600000000000000089e-01
